0
0
0
0
0
0
0
24
96
73
51
103
58
73
116
50
83
101
52
103
87
58
121
77
74
125
67
92
113
62
106
102
67
121
90
77
126
74
91
119
65
104
103
67
118
85
75
122
73
85
96
47
100
81
38
100
56
48
101
32
57
88
17
77
72
10
74
41
20
82
24
31
79
10
45
48
2
47
29
8
61
20
28
64
11
58
69
13
60
46
17
73
33
43
91
41
58
61
14
73
52
24
102
37
41
86
24
62
81
27
78
70
35
102
65
48
92
40
67
90
34
74
63
30
88
53
41
69
22
30
67
9
43
37
0
53
23
5
57
3
12
45
32
74
62
11
82
6
-27
46
-23
-7
26
-30
12
40
21
80
61
38
102
50
57
90
2
35
40
-2
55
20
-1
52
44
68
90
45
77
89
38
90
68
17
69
19
36
76
25
65
78
58
106
94
61
114
67
66
116
32
32
48
-20
39
46
-5
31
0
38
72
18
54
57
0
57
40
-8
30
-22
-20
41
-33
-7
9
-32
42
36
-5
55
7
0
35
-16
-26
-8
-58
-17
-16
-50
7
-26
-14
67
11
15
61
16
54
68
8
34
21
-2
41
-15
1
40
-16
64
75
21
80
45
26
94
37
27
37
-11
27
30
-20
47
10
-12
80
55
48
78
30
61
64
8
33
3
-23
24
-27
-27
9
-51
1
36
-22
28
9
-22
31
7
-15
-18
-82
-48
-23
-89
-25
-33
-70
18
-1
-9
46
-18
12
42
-11
20
-24
-47
11
-22
-41
2
-48
-30
52
-6
33
31
-2
40
15
6
41
-39
-3
31
-18
22
29
-19
41
48
26
86
47
37
65
3
54
16
-48
7
-9
-40
5
-35
-32
20
-4
17
32
-26
23
7
-11
32
-43
-43
1
-60
-36
-21
-58
-19
-14
-28
29
-16
-27
-7
-47
-9
-28
-101
-35
-51
-78
-20
-70
-59
-18
-34
7
19
-25
28
30
-8
49
-9
-43
12
-25
-8
24
-36
2
-3
-1
48
2
12
58
-4
32
56
-22
24
11
-36
8
-8
-28
23
-5
25
45
-4
43
28
-9
36
4
-42
13
-39
-31
-12
-59
-23
-37
-38
17
-16
-31
24
-36
-21
19
-59
-54
-39
-83
-43
-64
-78
-11
-77
-26
17
-42
6
11
-40
34
1
-35
-9
-44
-52
-8
-55
-24
-17
-59
30
7
-13
48
9
8
54
-7
-13
10
-40
2
7
-22
30
-2
-7
66
7
44
51
9
55
39
-3
27
-34
-43
-10
-56
-29
-20
-63
0
0
0
0
0
0
0
0
0
0
